9.999999940395355447e-01
9.999999940395355447e-01
9.999999940395355447e-01
9.999999940395355447e-01
9.999999940395355447e-01
9.999999940395355447e-01
9.999999940395355447e-01
9.999999940395355447e-01
9.999999940395355447e-01
9.999999940395355447e-01
9.999999940395355447e-01
9.999999940395355447e-01
9.999999940395355447e-01
9.999999940395355447e-01
9.999999940395355447e-01
9.999999940395355447e-01
9.999999940395355447e-01
9.999999940395355447e-01
9.999999940395355447e-01
9.999999940395355447e-01
9.999999940395355447e-01
1.000000000000000000e+00
1.000000000000000000e+00
1.000000000000000000e+00
1.000000000000000000e+00
1.000000000000000000e+00
1.000000000000000000e+00
1.000000000000000000e+00
1.000000000000000000e+00
1.000000000000000000e+00
1.000000000000000000e+00
1.000000000000000000e+00
1.000000000000000000e+00
1.000000000000000000e+00
1.000000000000000000e+00
1.000000000000000000e+00
1.000000000000000000e+00
1.000000000000000000e+00
1.000000000000000000e+00
1.000000000000000000e+00
1.000000000000000000e+00
1.000000000000000000e+00
1.000000000000000000e+00
1.000000000000000000e+00
1.000000000000000000e+00
1.000000000000000000e+00
1.000000000000000000e+00
1.000000000000000000e+00
1.000000000000000000e+00
1.000000000000000000e+00
