7.000083987378364903e-01
7.000093748204569977e-01
7.000094531047568180e-01
7.000098135105575770e-01
7.000100116003999950e-01
7.000101396520186370e-01
7.000102030413947185e-01
7.000103252327818382e-01
7.000103554229875069e-01
7.000108226970267467e-01
7.000111181991922615e-01
7.000114833001063186e-01
7.000116894691924552e-01
7.000119483590346858e-01
7.000119563129585387e-01
7.000120076618796539e-01
7.000121367854361676e-01
7.000124618754022254e-01
7.000131639508871961e-01
7.000138492705877402e-01
7.000142910508945215e-01
7.000145953090289863e-01
7.000161310847190510e-01
7.000167421324470229e-01
7.000170630833985053e-01
7.000182071877772971e-01
7.000192307560076932e-01
7.000197383380031280e-01
7.000205513095054677e-01
7.000239482119010592e-01
7.000241217596825383e-01
7.000241673412137544e-01
7.000258793292741810e-01
7.000269227218168799e-01
7.000269741527385126e-01
7.000276922046935191e-01
7.000280197456100195e-01
7.000288769873634909e-01
7.000354331832470134e-01
7.000363770907616079e-01
7.000404534589841354e-01
7.000411813987892362e-01
7.000415110481565950e-01
7.000419177789789504e-01
7.000533892584979156e-01
7.000546018090801903e-01
7.000548312052465860e-01
7.000590781013174002e-01
7.001094454674176015e-01
7.001614797959501146e-01
