9.999999821186065230e-01
9.999999821186065230e-01
9.999999821186065230e-01
9.999999821186065230e-01
9.999999821186065230e-01
9.999999821186065230e-01
9.999999821186065230e-01
9.999999821186065230e-01
9.999999821186065230e-01
9.999999821186065230e-01
9.999999821186065230e-01
9.999999821186065230e-01
9.999999821186065230e-01
9.999999821186065230e-01
9.999999821186065230e-01
9.999999821186065230e-01
9.999999821186065230e-01
9.999999821186065230e-01
9.999999821186065230e-01
9.999999821186065230e-01
9.999999821186065230e-01
9.999999821186065230e-01
9.999999821186065230e-01
9.999999821186065230e-01
9.999999880790710893e-01
9.999999880790710893e-01
9.999999880790710893e-01
9.999999880790710893e-01
9.999999880790710893e-01
9.999999880790710893e-01
9.999999880790710893e-01
9.999999880790710893e-01
9.999999880790710893e-01
9.999999880790710893e-01
9.999999880790710893e-01
9.999999880790710893e-01
9.999999880790710893e-01
9.999999880790710893e-01
9.999999880790710893e-01
9.999999880790710893e-01
9.999999880790710893e-01
9.999999880790710893e-01
9.999999880790710893e-01
9.999999880790710893e-01
9.999999880790710893e-01
9.999999880790710893e-01
9.999999880790710893e-01
9.999999880790710893e-01
9.999999940395355447e-01
9.999999940395355447e-01
