8.520491334335467126e-01
8.520566647885745581e-01
8.522046218202421475e-01
8.522271525134994530e-01
8.522521172030106396e-01
8.523641126446218630e-01
8.524228044838082496e-01
8.524371659565913584e-01
8.524566628309024896e-01
8.524742268030018888e-01
8.524747673437491624e-01
8.525251137110169131e-01
8.525890412275149988e-01
8.527768671526875233e-01
8.531649887576303604e-01
8.531877376173786498e-01
8.532360293523557626e-01
8.532870119552441457e-01
8.533514250071350116e-01
8.535656217712525029e-01
8.539993252702207105e-01
8.540344637011957341e-01
8.544226336538420785e-01
8.545571677428721591e-01
8.546157870952413305e-01
8.552176129083411960e-01
8.556458431060868230e-01
8.557951392772906729e-01
8.562176389174555036e-01
8.576215331727581326e-01
8.584212077786708139e-01
8.587367248190892477e-01
8.592517610698416908e-01
8.608005047060165449e-01
8.616652793364693030e-01
8.618337583572255323e-01
8.620984701925117344e-01
8.621926504504304756e-01
8.623422238849112187e-01
8.642987267011223995e-01
8.652316714243546425e-01
8.668778212250636273e-01
8.673056855817034005e-01
8.685574591195056593e-01
8.703731695955824188e-01
8.723062011515982928e-01
8.728552388442402110e-01
8.756630063146717546e-01
8.833955675453146750e-01
8.935153814651386472e-01
