9.998240292072295698e-01
9.997554183006286399e-01
1.500000939203789685e-01
1.499898749110310792e-01
9.999445199966430220e-01
9.988058477640151533e-01
9.999904155731200728e-01
9.847099363803863969e-01
9.997588753700256126e-01
9.999872565269469771e-01
9.946087628602982011e-01
9.999990761280059814e-01
9.994598716497421487e-01
9.995500385761261208e-01
1.499997830287957967e-01
9.999421328306198342e-01
9.998866319656372070e-01
9.980493605136870894e-01
9.879672646522521529e-01
9.999900639057159868e-01
1.394787301570324933e-01
9.996489554643630537e-01
9.990484595298767534e-01
9.998187690973281416e-01
9.998606026172638384e-01
1.500014669220223196e-01
9.999338984489440918e-01
9.999979615211487260e-01
9.992610245943069902e-01
9.999734282493590865e-01
9.999838083982467429e-01
9.988397091627121416e-01
9.999992668628692183e-01
8.912325208966699330e-01
9.999216943979263306e-01
9.999543517827987893e-01
9.994382143020630327e-01
9.998241096735001054e-01
9.999652832746506181e-01
9.999869883060454878e-01
9.999910235404968484e-01
9.999772489070892778e-01
9.999964773654937966e-01
9.999774008989333884e-01
9.991332471370697466e-01
9.999896705150603804e-01
9.998792350292206033e-01
9.980148226022720337e-01
9.999760389328002930e-01
9.997724592685699463e-01
