9.000408062653150187e-01
8.162697015577577986e-01
9.502359474077820556e-01
9.998099297285080178e-01
9.999417752027511819e-01
9.500985725782811198e-01
9.506512610241770744e-01
9.500032002706575440e-01
7.999178276675706911e-01
9.993823885917663130e-01
9.499258641706547213e-01
9.008092218242381710e-01
9.999995291233062522e-01
9.489618397404001593e-01
9.499861713135032693e-01
9.499429592935484390e-01
9.499977218965284242e-01
9.997766196727753130e-01
9.478097122395411356e-01
9.496755396132356974e-01
9.924322187900542769e-01
3.000181029904550600e-01
9.499302142619854283e-01
3.000399753259941349e-01
9.516178721562027487e-01
9.496428512269631250e-01
9.525713026523590088e-01
8.499591689556836860e-01
9.500113911955849755e-01
9.403017595410346763e-01
9.502283049980178031e-01
9.499995771775047171e-01
9.999875545501708540e-01
9.393627127632498963e-01
9.508358231745660527e-01
4.500338513314389166e-01
9.499989583640384705e-01
9.500552171375602484e-01
9.999870359897613525e-01
4.500276768607591182e-01
9.966310262680053711e-01
9.500311665149638873e-01
7.177758684381843057e-01
5.501053918336651360e-01
7.000023764492653289e-01
9.987546175718307051e-01
9.499523886170209153e-01
9.500664483697619511e-01
9.987570881843567117e-01
9.999794244766235796e-01
