8.499994933914931661e-01
8.498447036388917519e-01
1.499952549284625236e-01
8.499996542933947463e-01
8.498719483623874416e-01
4.490064213141673477e-01
8.499993085926453862e-01
8.499754339599387976e-01
8.500005235486824962e-01
8.497610847288317171e-01
8.497382305149170367e-01
8.499587012360299010e-01
8.493104428406688111e-01
8.499991059303596552e-01
8.287318470465839804e-01
4.999981986577689552e-02
8.499390782168347869e-01
8.499927052998021981e-01
8.499920375496806679e-01
8.499942660332189259e-01
8.499931156659018550e-01
8.499637173917580224e-01
8.496826963272312572e-01
8.475588262131298345e-01
8.499974792244053834e-01
8.499994516769252551e-01
8.499026006719325732e-01
8.499996662140155701e-01
8.500001569869484186e-01
7.499856435499496765e-01
8.497882188103711432e-01
8.499999642372957354e-01
4.706870403311292361e-01
6.779620796389982385e-01
8.499885377495342009e-01
4.999988094188884125e-02
8.499884298384676740e-01
8.499991488175198118e-01
8.449460715702417080e-01
3.499646600218072612e-01
8.499997750173402533e-01
7.874440932507753566e-01
4.500160662941115608e-01
8.499995172388009612e-01
8.002184484255716601e-01
8.499937713151437535e-01
8.499776769984762614e-01
8.499992609598561177e-01
8.498055994515153477e-01
8.499991655471254015e-01
