8.498936532261580634e-01
7.999786019669795634e-01
3.994039143546658233e-01
9.497797444715161408e-01
7.499180926344820586e-01
9.498628799936114087e-01
2.635453222845581811e-01
5.996530004358234800e-01
7.965883158289701615e-01
6.499402657063150235e-01
1.999912281941371439e-01
2.856083341150675858e-01
7.491486089628779377e-01
9.051757328212260978e-01
9.999955177307129350e-01
7.496892708820852569e-01
3.999764262377906165e-01
4.499188310668911228e-01
7.960828942245077311e-01
7.991697190502577985e-01
8.999188143830678666e-01
9.499980445932806328e-01
9.500163118704222365e-01
7.999925262029358164e-01
4.995776447062770242e-01
4.813443304916558141e-01
9.999990105628967507e-01
4.500008363453222304e-01
7.534685983028339695e-01
8.999982963625484667e-01
3.499813322070613464e-01
3.964014331312469830e-01
4.499981966479015827e-01
9.499336095846150352e-01
7.999893054918291169e-01
1.000000713404235742e-01
9.498966188614750283e-01
7.999840068146085725e-01
7.498687841843003632e-01
2.002026339486945861e-01
9.999804854393005149e-01
4.999308105289775317e-01
9.499953902509303827e-01
8.920108201726918429e-01
5.203169749009158851e-01
7.999843030056086324e-01
7.999786845130560931e-01
9.999992489814758523e-01
7.498219054573358466e-01
8.499348248838339837e-01
