9.999997377395629661e-01
9.999993443489074707e-01
9.357950299978256004e-01
9.999968290328979936e-01
9.998592048883437888e-01
9.610156804323196633e-01
9.999832272529601829e-01
9.998434215784073320e-01
9.999985694885253906e-01
9.999993503093719260e-01
9.992139965295792070e-01
9.999768733978271484e-01
9.999919712543487993e-01
9.990680009126663430e-01
9.999990403652191384e-01
9.999964296817779319e-01
9.994573891162872314e-01
9.999980270862579568e-01
9.999988555908203569e-01
9.999997615814208984e-01
2.441410548259227709e-01
9.999769419431686623e-01
9.999982237815856490e-01
9.999992966651916060e-01
9.999745100736617820e-01
9.999989867210388184e-01
9.999992012977599876e-01
9.999761104583739790e-01
9.999975860118865967e-01
9.999989569187164307e-01
9.999986350536346214e-01
9.000104687320351626e-01
9.997523993253707442e-01
9.999865055084228294e-01
9.996355772018432617e-01
9.992119014263153298e-01
8.999924413163616910e-01
9.993114113807678445e-01
9.999565154314040694e-01
9.973100930452346580e-01
9.999990046024322954e-01
9.998878091573715210e-01
9.999811083078384844e-01
9.666437596082687600e-01
9.969999074935913530e-01
9.999978423118591753e-01
9.999987483024597168e-01
9.970663398504256980e-01
9.999996066093445046e-01
9.999951958656311257e-01
