9.955113421643087268e-02
1.499991563551304197e-01
1.499505992620659423e-01
6.999910593306797324e-01
1.000017568242261568e-01
3.499847985206462897e-01
5.000002737707205658e-02
4.999738011051289149e-02
5.010188460294808799e-01
6.999614774090766600e-01
6.499032382650415940e-01
4.996404690328111464e-02
6.498787136380943519e-01
5.999568630061040686e-01
1.000367348461251860e-01
4.998522886086224915e-02
4.999752113355752092e-01
3.499963027806466953e-01
4.995088336349619296e-02
6.999977155957485264e-01
1.499150306418943479e-01
6.499991603504777782e-01
4.481077353962640286e-01
2.999978927289896902e-01
6.910430996623301292e-01
4.999856979304684867e-01
4.939435960135769577e-01
4.809767784950653990e-02
6.999677748530001020e-01
5.014920483814637453e-02
1.499998196910909409e-01
5.998025620315865503e-01
4.886787565009710899e-01
3.499962458402210985e-01
1.999859322181320176e-01
4.905048647484386293e-02
5.002142136663224603e-01
1.499945008271489633e-01
4.999332553907999133e-01
5.000037299637526134e-02
4.999708188612546067e-01
5.000342772780027450e-02
4.999977650151053998e-01
4.999887576944586631e-01
9.986100102366736453e-02
6.499034963081985472e-01
4.436948336950351512e-01
1.500121395463508145e-01
6.471293041621180298e-02
1.999995979546698721e-01
