1.996719351523327801e-01
9.999939382076263872e-01
9.999998092651367632e-01
7.998467981478237787e-01
8.499885921229936026e-01
1.000355873333872714e-01
9.997731089591980203e-01
2.499253754032961239e-01
9.999973356723785844e-01
9.999528586864471214e-01
9.999875068664551003e-01
9.998596424024611129e-02
9.997912108898162620e-01
8.499807233099658799e-01
3.499595618778014727e-01
9.999927043914794700e-01
8.413488921779617158e-01
3.999019658108181607e-01
8.499168703663849689e-01
8.499744214092641581e-01
9.999990046024322954e-01
8.497822520667556168e-01
8.498340025238576567e-01
1.990835581701399237e-01
9.999985277652740923e-01
8.499068612229659925e-01
9.000049714670523837e-01
9.999917566776275191e-01
3.502513820345740103e-01
3.474403905638283052e-01
9.999974787235259566e-01
8.483585483653683923e-01
9.999999046325683816e-01
4.998980701902346058e-02
9.999988436698913352e-01
9.999482274055481179e-01
1.998949486434150880e-01
5.000257338247467154e-02
8.500033196509342304e-01
3.046235889096820526e-01
8.499945233642322018e-01
9.998696506023406760e-01
1.499657330825704959e-01
1.498464172269241279e-01
7.993674227902254348e-01
8.500028059582291906e-01
5.000262686409349955e-02
7.999296986964756773e-01
9.999970078468323198e-01
9.999724924564361572e-01
