9.999823093414306197e-01
1.531401438056491371e-01
9.995749890804290771e-01
9.956014096736908181e-01
9.999715238809585571e-01
9.998588711023330688e-01
9.999985456466674583e-01
9.999906241893767866e-01
9.999999940395355447e-01
1.000000000000000000e+00
9.998134255409241167e-01
9.999999940395355447e-01
9.999933719635010210e-01
9.999996125698089600e-01
9.967119216918944868e-01
5.118789239223246745e-02
9.996720045804977639e-01
9.999989926815032737e-01
9.499870006689092872e-01
9.999978661537169966e-01
9.999999701976776123e-01
9.999056816101073997e-01
9.999994635581970215e-01
9.999078363180160522e-01
9.999988377094268799e-01
9.999515444040298906e-01
9.999349236488341841e-01
9.999928474426269531e-01
9.999450594186782837e-01
9.481830446241132915e-01
9.913799613714218140e-01
9.999335229396819624e-01
9.999999880790710893e-01
9.999983310699462891e-01
1.000000000000000000e+00
9.999999880790710893e-01
9.999709129333496094e-01
9.999805808067321333e-01
9.999991595745086892e-01
9.999997913837432861e-01
9.999999880790710893e-01
9.999827951192855613e-01
9.483080799844174624e-01
9.999970018863677534e-01
9.999999523162841353e-01
9.999977707862853782e-01
9.499970337004015608e-01
9.999998033046721968e-01
1.000000000000000000e+00
9.999985456466674583e-01
